lat,lon
40.66825004827923, 22.80051383599674
40.66867540215602, 22.80058516429252
40.66859331653643, 22.802727472957145
40.668791294094945, 22.804034129060497
40.66881110737224, 22.805271911131374
40.66900619161369, 22.80744807667876
40.67083824874576, 22.807498439173365
40.67200565904083, 22.810882794182653
40.67119696122707, 22.812114358912627
40.636682082038874, 22.854380492576944
40.63742199978891, 22.853623667252112
40.63775848349073, 22.856525604833067
40.63737443390167, 22.85758655319661
40.63867631783728, 22.856848300278163
40.64041568839554, 22.85666041906386
40.64184067059753, 22.85878471334592
40.641367676814255, 22.85937122559851
40.64420060941294, 22.86163334806503
40.64510147218999, 22.862367335463485
40.64497628610321, 22.861499740344534
40.65710010442361, 22.897581595245956
40.6575750984405, 22.89794670482858
40.65807004353649, 22.897975153963156
40.65975375512076, 22.896314836327004
40.660374074975465, 22.897012310950707
40.664054964996005, 22.897127110058978
40.665030858065776, 22.897023620984317
40.66515446934177, 22.898478936881137
40.664753347023535, 22.897956272626608
40.66484420204271, 22.899733878882213
40.66564177901423, 22.899501447014533
40.665549428489214, 22.90030327546298
40.66606435102718, 22.90120594736322
40.666359123735916, 22.902374255687068
40.66701900111966, 22.897154699965192
40.66768428437453, 22.897316455570262
40.668471975615404, 22.898773108668706
40.66862286190173, 22.897797551588408
40.67006757796923, 22.898598134012417
40.67025289517775, 22.899122286263736
40.6707557361062, 22.90598329233146
40.6713277009314, 22.906762704692735
40.671838850272216, 22.907841398756105
40.67155395953673, 22.907767831440246
40.6707455741314, 22.908680091276036
40.67121428645613, 22.909922920500772
40.671687310777415, 22.910136353360006
40.67199062272151, 22.910734247669232
40.66449993161756, 22.9232909564888
40.66508025403314, 22.924286663745676
40.65389175404754, 22.91879068027923
40.65424203673793, 22.917801305582454
40.65421461563479, 22.918843523633285
40.65475605077821, 22.919606081916196
40.655285790218045, 22.9201297841117
40.65573076198533, 22.920114422944614
40.655944507865, 22.921050111134022
40.655720427831156, 22.921444603016475
40.65557152773932, 22.921681333025653
40.65560660303431, 22.922434587258273
40.65619581075141, 22.92298538443498
40.65695521399104, 22.923145960904993
40.65660557060436, 22.924057628886594
40.655836342429446, 22.924076118481523
40.655529108766494, 22.924505420371
40.65584298332231, 22.925328786717046
40.65525241879261, 22.925946452663883
40.65466907298099, 22.926414708946236
40.653907435248875, 22.92668170035146
40.655015470414746, 22.929076382780394
40.65573236532761, 22.929352249215928
40.655830751491145, 22.9315443497642
40.65794453184256, 22.93208689559382
40.65917164607686, 22.931035540301043
40.66201459523627, 22.928392262568945
40.661536504881255, 22.92916782834991
40.661322863093694, 22.930329700703453
40.662273153557045, 22.931360654916997
40.66400153962749, 22.93323338916906
40.664649868310335, 22.93501209243743
40.665637919675106, 22.93432063682549
40.665733463229536, 22.935639101247233
40.66636924623514, 22.935471430897014
40.667143372706576, 22.93644748313137
40.66735368512517, 22.936997663452612
40.66782227417555, 22.93695267858326
40.6698811271137, 22.934138468647966
40.670652398627034, 22.935474306216804
40.67132597099659, 22.934792793823583
40.67302432017088, 22.935575614382405
40.67338222555247, 22.937897499089047
40.67427107858706, 22.937105148422035
40.675848713171895, 22.9330324469079
40.67878609844639, 22.936520536049777
40.680891979726944, 22.93704643584309
40.68348619147395, 22.93381606863993
40.681908566899445, 22.93249973884528
40.68277709070326, 22.930761667417382
40.68342389968914, 22.93177822462215
40.68479391175359, 22.930122728926857
40.68519955324279, 22.93344168061701
40.68746344638676, 22.932364491025726
40.63917810372893, 22.93266066954322
40.64000968598781, 22.93432858499905
40.6381180497677, 22.937863120619998
40.63847738303369, 22.935898773829734
40.63898118121206, 22.93631035873438
40.639830253029544, 22.937148006406844
40.64051452486889, 22.937191439983504
40.64129609282398, 22.93713973334538
40.64141512410439, 22.938305729024133
40.64219197336006, 22.937710068455424
40.64289348402404, 22.9359954760632
40.64274139973154, 22.938164080119417
40.643420933653914, 22.938290244336166
40.643978052148675, 22.937818679719832
40.644301335680986, 22.937237497012102
40.644999685532625, 22.937241633547067
40.645508142408715, 22.93623438807866
40.64603326598925, 22.936731636121532
40.64652131433165, 22.935794711688498
40.646748859761466, 22.936241457117067
40.64698738931596, 22.936415191448436
40.647527216211394, 22.93593949030448
40.64793522200798, 22.937151494091925
40.64856291837084, 22.93789193326789
40.64713042767228, 22.93820336197126
40.64811435095005, 22.93850739704539
40.64683661101994, 22.939396166231127
40.64561876568433, 22.94006648671043
40.64551048371046, 22.941032366865354
40.64615822073219, 22.941546472462075
40.64809202842088, 22.944012527097872
40.64829909530052, 22.943757046686553
40.64875681749342, 22.943154325582448
40.648959546766605, 22.943002187087114
40.64937889298785, 22.942900581323215
40.649502132589134, 22.943438965765402
40.64992518727027, 22.943175963265837
40.65017254040042, 22.942943974557128
40.65070755551312, 22.94284831055226
40.65138094027649, 22.943249420245884
40.651909556464204, 22.942582129906615
40.65266444951145, 22.941708730219094
40.65336900865391, 22.941874565606078
40.653784191811965, 22.941187270070728
40.654490137033854, 22.94031755561876
40.6552380114451, 22.940234637928903
40.65624448340444, 22.940569993924836
40.65727469955758, 22.941559894174254
40.65135877221335, 22.94448140620196
40.65161408041128, 22.946208629831496
40.65255786525842, 22.947581796539858
40.653050322057005, 22.947643995725667
40.653322563198145, 22.947844946939266
40.65381864419736, 22.948809831796048
40.652719811478434, 22.949829732314196
40.65197046775216, 22.949778741287172
40.65051728958235, 22.950173012778315
40.647453312856605, 22.951149504351516
40.646769134405574, 22.951479023550366
40.645979685487056, 22.95155348202926
40.63514735071955, 22.936541617034326
40.63628497839608, 22.935313059435057
40.636624377372584, 22.93750789830228
40.637097857011824, 22.939313463857324
40.63469845951396, 22.940100790802664
40.63450107773202, 22.94150226298868
40.6331757789351, 22.942814406914238
40.63201755462602, 22.94201793561296
40.632139075812596, 22.94352809519445
40.63308351185256, 22.94303063693975
40.63406404008866, 22.945236519034367
40.63460039132358, 22.945587141089923
40.635281299764614, 22.944927309023278
40.63557251694788, 22.94583009180436
40.63610985953857, 22.941224795173564
40.637199285080584, 22.941191665533896
40.63759105492511, 22.94214138197541
40.63853590214464, 22.942028189025166
40.63856802720418, 22.941472502972356
40.63932536841476, 22.94071531751855
40.63991135957071, 22.939988238843792
40.64008041648789, 22.94025919984402
40.640207208898445, 22.94079208980195
40.64087086613788, 22.940822196575912
40.64115300413584, 22.941004342577017
40.64104791643906, 22.941961738103032
40.64171499205628, 22.943421916813836
40.64149068458764, 22.939252915187403
40.64125373530077, 22.94164913879642
40.640855420119124, 22.941717544152848
40.641161155094714, 22.945200790349674
40.6411108957886, 22.945580135749992
40.641487839667704, 22.945879698181894
40.641003563603135, 22.947103383360876
40.64041775289743, 22.946613513216423
40.64013903861197, 22.947200595382462
40.63937774562985, 22.946839754639136
40.638236890747734, 22.94683650353267
40.63729188042806, 22.946997513871512
40.63674178508797, 22.946888198014356
40.63673378876194, 22.94770108100817
40.637339222134976, 22.94825052970096
40.63783955727409, 22.947717639733725
40.63841185382379, 22.948334828678227
40.6388367894099, 22.948998683118862
40.63801890024223, 22.949487918254498
40.63879795132975, 22.94978447000816
40.6396468028756, 22.94958462640482
40.64090457062607, 22.94922010048394
40.640746938436926, 22.950175990666587
40.6401438120565, 22.95117135681483
40.64040653454747, 22.952208535302187
40.6396967663755, 22.952263228887883
40.63843458327407, 22.952639757182904
40.63777054513181, 22.952810316990163
40.63661576137593, 22.952587216016894
40.63561632651731, 22.95330845620803
40.63452141603302, 22.95335993066283
40.634080216179804, 22.953855832038023
40.63338244283224, 22.95362933770601
40.633910996894365, 22.95520309606014
40.633589569210855, 22.956557125118394
40.63212318829287, 22.953378327800895
40.631268790263256, 22.95243310010665
40.629402842418244, 22.95216579572887
40.62759228099001, 22.952412891725302
40.627578571121674, 22.951756563978968
40.62733636302476, 22.950713364134693
40.62070367002832, 22.952830016133102
40.62039230887103, 22.953719484400747
40.62022421934816, 22.954437971411338
40.620570430718026, 22.95511236322305
40.61979200583584, 22.95447671318885
40.619635127845044, 22.95542337434334
40.619093450764765, 22.95635029570215
40.61887863521431, 22.95552536999035
40.61865972640531, 22.95647572927993
40.618264371280546, 22.956894213491395
40.618525677825936, 22.958031633756228
40.6191573419411, 22.95784119338025
40.61907507232044, 22.959391692429744
40.61943842907246, 22.959765016463432
40.62026911459499, 22.959883938234995
40.61923556246926, 22.960178373952775
40.61836049372338, 22.96034689651152
40.61875127772949, 22.961436761861407
40.619202618982875, 22.961898900889334
40.61818355590565, 22.96223802478912
40.61865439085026, 22.9632175258059
40.618003110727535, 22.963784388796704
40.61869555469723, 22.96445125392001
40.61732954380915, 22.964369673596387
40.616364170703086, 22.963618401812724
40.61696407541347, 22.963839686626475
40.61564403096061, 22.9644177075872
40.61439900744462, 22.96388933475829
40.61439557929847, 22.964946082647046
40.614774959413516, 22.965850791311247
40.61507777633164, 22.966817218869824
40.6138808758358, 22.9668792428602
40.61395515280704, 22.968542642315814
40.61307825792851, 22.968963934789922
40.61232500184487, 22.969323263297998
40.59782874543241, 22.961804970569702
40.59787730201745, 22.963433223435896
40.598070634792755, 22.965420422778237
40.59694191650997, 22.96615695084543
40.59590867336897, 22.966974046320704
40.60174882650124, 22.973742621858065
40.599967981932686, 22.97425942404823
40.59919483109262, 22.97296529573826
40.59784907542218, 22.972328125728765
40.595956616112126, 22.97450636656776
40.59697419182166, 22.973720125463664
40.591240323704476, 22.951248095349115
40.59006185817796, 22.94970295722268
40.58900354107901, 22.949535597123194
40.58776013931691, 22.95035530587257
40.5862244173879, 22.95069058314761
40.58687918844232, 22.953879295041208
40.58490032382299, 22.95438703001495
40.58327898356349, 22.952741571379768
40.583359437795664, 22.954296526116
40.582241185243824, 22.955012780531053
40.5800879026981, 22.953149904138368
40.57916076439538, 22.955667932846122
40.50686246150676, 22.926774654325346
40.50795991496565, 22.926707702734436
40.50841649776421, 22.924284006879116
40.50921634182159, 22.926357154978746
40.50664627532957, 22.919145550589807
40.50574892177281, 22.918437574407033
40.504108057632756, 22.906812451626482
40.50345829766006, 22.90556871281287
40.502798875215646, 22.9043015846795
40.50148494973046, 22.904877214299397
40.50468088688888, 22.90914162123195
40.66846423573032, 22.89189186462714
40.66768971639336, 22.892956812624902
40.66711131411157, 22.891479909434594
40.66594267141117, 22.893501325368618
40.66703251170795, 22.89333929423358
40.6670487999538, 22.894524269225048
40.6656184661628, 22.894119775728836
40.66547927264488, 22.894982640518634
40.668911926655326, 22.889497817585113
40.66914202427726, 22.889344538911725
40.66926053890295, 22.88914100638266
40.66931059504052, 22.888846157828226
40.6695092044826, 22.889231483367702
40.669764327937195, 22.88921445245736
40.66993387146311, 22.88960722905791
40.67093053718508, 22.889668472650957
40.67089341007099, 22.88983208738338
40.6710533863746, 22.890158148704515
40.67098879547291, 22.890503483113527
40.67138346016389, 22.890302987991664
40.671605870237066, 22.890294125542056
40.67098370892308, 22.919901494630242
40.671404690579735, 22.92062070961894
40.67161419220322, 22.91928130189828
40.67173081501842, 22.91995059228848
40.672455170411396, 22.91993756303795
40.67282179204305, 22.91930955279603
40.673496726308514, 22.9193173703149
40.673840425441234, 22.920575010479457
40.67347324843051, 22.92090921167475
40.6730688979611, 22.921612572499605
40.672822771428784, 22.921960196300425
40.67283039145802, 22.921971247964418
40.67321367785215, 22.92269161296175
40.67571088240141, 22.91989334874217
40.68799375729044, 22.951054104952107
40.6881835831043, 22.951096238299318
40.687742082563936, 22.95203081250468
40.68735707879348, 22.952556643597052
40.68782763866095, 22.954047917529035
40.68791377753268, 22.954738659848523
40.680644116286466, 22.950788261545373
40.68045880660558, 22.95070825847481
40.65026836461106, 22.94921400274647
40.65044142961757, 22.949333970423723
40.65032605299906, 22.948578680873823
40.65088370482735, 22.947226932308656
40.650597828727555, 22.94610667061186
40.6498581346463, 22.94564031728753
40.64995043660639, 22.94514354972255
40.64916073792243, 22.945131721862875
40.65051300956936, 22.94377481381958
40.65107386396316, 22.942813984081987
40.650511733403874, 22.942114791541165
40.65083686276738, 22.941902778267107
40.65121313889852, 22.94144570524318
40.65129869851707, 22.941101747608595
40.65213453385573, 22.941765518056137
40.6526376158616, 22.941761007174463
40.6529995245501, 22.941109179257783
40.65339394289594, 22.941027982679852
40.65364376849725, 22.941048281815743
40.65410748339403, 22.941876035611557
40.65397237872936, 22.940151883332703
40.65444670704956, 22.940316417082066
40.65358612471835, 22.937565010803187
40.65306327408192, 22.93798350329785
40.65219125314346, 22.937337898490522
40.65271725889145, 22.93649402323369
40.65310040322315, 22.93603592774888
40.65250667148743, 22.93548220983006
40.65211349561159, 22.93397036302311
40.6379754505118, 22.944652026987285
40.63896578600078, 22.943338091190686
40.63765800621739, 22.94205009354471
40.63634932654781, 22.940964860519756
40.634861462623306, 22.94050142694074
40.6351092995699, 22.94114193893327
40.63276048290343, 22.93953215371819
40.63104889445939, 22.942459336119885
40.63157320009653, 22.943036918891337
40.631859657512905, 22.943255120962093
40.63306941306239, 22.943091190580393
40.63325462535525, 22.94272820991473
40.63421501660745, 22.943119859137713
40.634084387113894, 22.94525706499208
40.56733829774659, 22.960612012349877
40.56638930605052, 22.958688590713145
40.5674334388153, 22.95659165451113
40.567973731028324, 22.95757561112231
40.56876710144227, 22.958501260467845
40.568587955091495, 22.960688656066136
40.57258299874307, 22.95523758885199
40.57336478042849, 22.953811823705056
40.57373095545215, 22.95416477578144
40.574440128880674, 22.954151744262855
40.574001818435455, 22.95263863633934
40.57476722415024, 22.95268043132734
40.57638311652333, 22.952435653949212
40.57690288857908, 22.952024306952932
40.57740508746784, 22.952551506335382
40.57793672738319, 22.952425025382976
40.578669667465405, 22.950216129201046
40.579969062724, 22.95017713471929
40.580669536700505, 22.95034733393246
40.58142520883665, 22.9500753713466
40.5817473887775, 22.952697534167967
40.662753136670354, 22.946217790325356
40.6635162506542, 22.945301387740024
40.664280262202325, 22.945796030088957
40.66460471523146, 22.94600392323987
40.66188134227272, 22.95042461056919
40.665587974641056, 22.95116525349354
40.66503273082815, 22.939494382298523
40.66532027949428, 22.939546972325278
40.66439546266006, 22.937729739303485
40.66420930154113, 22.938628152427995
40.66488458707237, 22.93786923467095
40.66588020049805, 22.937244727963172
40.67042679868605, 22.93036644697144
40.671014716517014, 22.9305329318088
40.67122084813707, 22.929205631148616
40.67173815563596, 22.928963959558086
40.672541943051314, 22.928741979718684
40.67200346857613, 22.926636813572127
40.67149758004997, 22.92553613728453
40.671746050049435, 22.92484871589875
40.67104001265215, 22.923771039753557
40.671071241387004, 22.923276955720112
40.67147449808699, 22.923191027955717
40.67157633020629, 22.92194865716486
40.67140525216509, 22.920625729134017
40.674564840243946, 22.91840592495438
40.676005250419365, 22.913862453307683
40.669469735047436, 22.902664366283393
40.667648674321434, 22.903844673034826
40.66682959297338, 22.904305660406276
40.66543471015857, 22.90596321098153
40.6630598809309, 22.904994397531894
40.64797497221742, 22.94309966283983
40.64809050355098, 22.943931292705113
40.64876591350644, 22.94315041952142
40.649066587239155, 22.942720939317233
40.64895698219695, 22.944021093155655
40.64787905763374, 22.94548077036987
40.64812641329246, 22.94580483271174
40.64844042035842, 22.94593367681732
40.64909360956958, 22.945689653965346
40.64936169671812, 22.945761884730175
40.64986824517576, 22.945660371212355
40.64937101476047, 22.946375744980905
40.64947765684401, 22.94679741657853
40.64912274510756, 22.94774928761108
40.6495958668432, 22.948502057226534
40.64874884346035, 22.94847813451744
40.64911185479955, 22.94895977952456
40.6481801217256, 22.948758828315764
40.6478763981278, 22.94935051801796
40.64804338576886, 22.949881603424487
40.64728473334463, 22.950703453843694
40.64744809227865, 22.95115001212239
40.64779416988365, 22.95154234542655
40.64847300918841, 22.9513493684814
40.64908044956175, 22.951394024283015
40.64954268136327, 22.94984542406653
40.64993230882731, 22.95101763943507
40.65045624527027, 22.95058862456481
40.650321934011984, 22.95152161240411
40.650934197558975, 22.952307873890177
40.649961349296724, 22.95236050399532
40.649986759685675, 22.952893184220958
40.65052521580741, 22.95318185225171
40.65085309407687, 22.95374448446648
40.65142673231763, 22.954426233510514
40.65158650993447, 22.95360870452988
40.65239648778391, 22.95503170231798
40.65268608021659, 22.95555673433465
40.65197485670834, 22.95595306772159
40.65167891918362, 22.956527202310056
40.65202272915078, 22.95837859190713
40.652277927037936, 22.959045484978617
40.64700087550171, 22.951911437549484
40.64676092164864, 22.952322372080264
40.646781658433376, 22.952962688143604
40.64605033447109, 22.952637712917973
40.64619475278058, 22.952549864687324
40.64557129978614, 22.951973009206817
40.6399225146359, 22.951526092796552
40.63946833676899, 22.951602881984364
40.63908848826163, 22.951270942580337
40.63843946498046, 22.95150254263266
40.6268233258177, 22.96125497601487
40.62717785243331, 22.961152504922087
40.626813209054795, 22.95625596182194
40.62762410764889, 22.956446457306704
40.626842544071124, 22.957302306332807
40.62569231841119, 22.955032935792797
40.62838297039167, 22.954587944620645
40.62900364786697, 22.954284184479448
40.62702154421745, 22.95612930847739
40.62616034925711, 22.95649649531762
