lat,lon,
40.59870566520791, 22.958217619734413,
40.598419589369044, 22.958433292533567,
40.5959810405635, 22.96793541677745,
40.59623877074382, 22.970975478527965,
40.59545437145335, 22.968894659562803, 
40.592561623064704, 22.963959463139187,
40.592923071975775, 22.954931905740107,
40.59951029739391, 22.97825049542733,
40.60020874435946, 22.979445859513696,
40.603290040949744, 22.9805575973311,
40.60362243900994, 22.977596242650804,
40.60483997282483, 22.975697433834174,
40.604343251593114, 22.973262432917505,
40.60506032166288, 22.980291960816345,
40.604373129666286, 22.973326382436525,
40.60436229314386, 22.982981796639912,
40.606579822743726, 22.98295413486438,
40.608940070443715, 22.981832558654908,
40.610677646066655, 22.979906605953637,
40.61240291938319, 22.977874978910297,
40.61269046060271, 22.98059529306569,
40.611136823608284, 22.98261251449498,
40.61281475955636, 22.980647334312263,
40.60668670405686, 22.986699031337047,
40.604305965920254, 22.992951983920136,
40.60188852778049, 22.994381853727376,
40.59279795271629, 22.956409629742094,
40.595805624343924, 22.95280535264751,
40.59914107423845, 22.954058331280645,
40.6027537388447, 22.95100531014026,
40.60350902647911, 22.952266046649648,
40.603056045538814, 22.961532416023395,
40.60614215498495, 22.96612380428068,
40.60576432626332, 22.966134545241157,
40.60626719136491, 22.965418481210136,
40.60464444603762, 22.97190396297967,
40.60436277689406, 22.973371539072637,
40.60441761522745, 22.974497665694308,
40.60432787974481, 22.974793150839545,
40.60461951960802, 22.975469483446147,
40.60479151175133, 22.975587677493902,
40.60433286505235, 22.9766185922615,
40.603582572079176, 22.977619958508868,
40.60316130754699, 22.978532679237297,
40.603388142616915, 22.980154564242685,
40.60294444252216, 22.98070613646554,
40.603677293911375, 22.981677954218714,
40.6035177623223, 22.982183562089666,
40.60503329707134, 22.9835559263359,
40.61488326823835, 22.964155850593077,
40.61532305816962, 22.964394567236642,
40.61545540179966, 22.964716432377312,
40.615675295248465, 22.964947102395232,
40.61586261132235, 22.96497124228244,
40.61626167424423, 22.965105352757732,
40.61642252035673, 22.96517240799469,
40.61711356302243, 22.965509248612353,
40.617091133426115, 22.965844131747662,
40.61711356302243, 22.966287359426747,
40.617205773505944, 22.96720008012886,
40.61742259224956, 22.967548095936138,
40.61822868338297, 22.968350117351864,
40.61856633259566, 22.968696335131973,
40.61814551828999, 22.969831403564253,
40.61960165158537, 22.963899269765868,
40.622194355131846, 22.966609617326625,
40.62244604538588, 22.966379795567104,
40.62283977675229, 22.965818373840264,
40.622981818511015, 22.965693613456523,
40.62313133582544, 22.96536201348921,
40.62288463207715, 22.963989649268044,
40.62305906916523, 22.964764476914443,
40.62261880618775, 22.962646361009625,
40.62285996852111, 22.963242381491835,
40.621782298736186, 22.953815792854734,
40.62195616816424, 22.955154044392827,
40.62213003713971, 22.955917611336492,
40.62266384256999, 22.957050905431814,
40.622550981206054, 22.955202269673485,
40.62282245821855, 22.955652372292903,
40.622767552844365, 22.954515059424192,
40.62268240226364, 22.957080513616326,
40.62334775472621, 22.956519091889486,
40.62362186804521, 22.956427163185676,
40.624127728770546, 22.956427163184685,
40.62459620720757, 22.955997068174167,
40.624188920975804, 22.965301171249056,
40.62442176190759, 22.965040412288094,
40.62807025746798, 22.965783221643267,
40.628279931074765, 22.9664108586612,
40.62841428469036, 22.96676222810286,
40.62866059895795, 22.967043860109293,
40.62904126467102, 22.96780560760441,
40.62994144517889, 22.967460916938037,
40.629976262129915, 22.96720030044756,
40.630291218405254, 22.96598484893375,
40.630644453750826, 22.96632497934878,
40.63075314117705, 22.966674060565406,
40.629691593255856, 22.962440495440237,
40.63019031246592, 22.962214680408838,
40.630428043033675, 22.962012465162168,
40.63059567955719, 22.961868131112443,
40.63078691782403, 22.961699874288207,
40.63157899097394, 22.962786333780333,
40.63173158905271, 22.962937627997647,
40.631863445366285, 22.962925914897966,
40.631983449201435, 22.962728744368693,
40.631464001639216, 22.96339051381821,
40.63172697429476, 22.96334854187424,
40.63194179625986, 22.96320896075788,
40.63197068605719, 22.96268870386864,
40.63171265937185, 22.961155627884615,
40.63202409905749, 22.96119317881731,
40.6322235825374, 22.962107812249414,
40.632632725361084, 22.961340700338617,
40.63280370967895, 22.961233411959487,
40.632673435959575, 22.960088108499342,
40.63315992560845, 22.960246358858566,
40.63303372361324, 22.959629450678555,
40.633039830172656, 22.959441696006976,
40.633404186868745, 22.95940146286201,
40.63377261256376, 22.95879796572143,
40.633945629454516, 22.957934294261545,
40.63400669413182, 22.957574878191448,
40.634191923320444, 22.95710280931173,
40.63472318220043, 22.957590971431806,
40.635142486976704, 22.958417091951127,
40.635510903084075, 22.958052311461895,
40.635146557890366, 22.956539545316122,
40.63561063968989, 22.957078669421268,
40.63596684064688, 22.957303975020974,
40.635765332915824, 22.957743857375416,
40.636491979156105, 22.95755342049907,
40.63698454718736, 22.957827005878176,
40.636909237436356, 22.958299074746357,
40.63698047639219, 22.958803330128283,
40.63589152975169, 22.95631423971467,
40.63677286550552, 22.95683458834789,
40.6361520644048, 22.956070158646572,
40.63892690428543, 22.956021885816163,
40.638991752883314, 22.956396589869314,
40.63915636827196, 22.956701173865735,
40.638882009069846, 22.95750098077438,
40.63891692757694, 22.95766532465734,
40.63958929283076, 22.958597944205852,
40.63968407058907, 22.958746949326407,
40.63964654537316, 22.957780356438466,
40.639619068601675, 22.957634176049076,
40.63954427066639, 22.95766166869112,
40.639721403279104, 22.9565589246265,
40.63972598273478, 22.956495222163234,
40.64008559689838, 22.955512008075875,
40.64072615197908, 22.955501186083765,
40.64112463558142, 22.95572967038617,
40.641311991961786, 22.954718074563424,
40.64044003761128, 22.953524677001223,
40.64090889537174, 22.95428422502933,
40.64124071570117, 22.95464957091086,
40.641268160794844, 22.954275825055287,
40.641313902592586, 22.954202482454598,
40.64122623078588, 22.954063834796102,
40.64144655363064, 22.954192435520106,
40.641492295306115, 22.954812331199907,
40.64113877753945, 22.953081256483394,
40.64122127032141, 22.952906208025905,
40.64154984225834, 22.95289699494995,
40.64166449250974, 22.95305361725402,
40.64173579927411, 22.953298685094502,
40.64286701726144, 22.95482573660686,
40.642980637485614, 22.954956904174644,
40.642614233588255, 22.95512637731531,
40.642559625142866, 22.955449072747545,
40.64230376935141, 22.960857224083878,
40.6426606288091, 22.961431247752024,
40.64258731644783, 22.961660004708886,
40.6427026755682, 22.962003850569502,
40.64273286296866, 22.962076313953357,
40.64289673719005, 22.961856082100482,
40.64286978422192, 22.962408793018717,
40.64293686912565, 22.96263979032792,
40.6455337547189, 22.957002460607516,
40.64748507128386, 22.95410355466188,
40.64814443296695, 22.95315405265851,
40.648388639344496, 22.953776325157893,
40.64869796613982, 22.953347171710043,
40.64929626521476, 22.954194749769552,
40.64833572803853, 22.95539637942354,
40.64929233535406, 22.95682073543262,
40.64940210241805, 22.95461041042311,
40.64903621150258, 22.95751196434468,
40.64924964811374, 22.958878347077828,
40.642912943009556, 22.946470613296317,
40.64308599380029, 22.9466556160249,
40.64317312409852, 22.946859756966774,
40.643518761257326, 22.94136778815183,
40.64403424165042, 22.94097149497504,
40.64460368971076, 22.938657721702114,
40.6448288388962, 22.938767043957778,
40.64486290745678, 22.939376125096484,
40.643310985075615, 22.93666278824731,
40.64367732083662, 22.936791534281664,
40.64373837660133, 22.93542897208473,
40.64415762467701, 22.93560599788197,
40.64401923239952, 22.9361048887651,
40.64470017423506, 22.935693876313188,
40.64513578483306, 22.934563190593053,
40.64486059788433, 22.933882958868793,
40.64516311188382, 22.933619767826496,
40.64523033702975, 22.93351292789902,
40.64488030534589, 22.931661658129315,
40.64509207448622, 22.931755754348845,
40.64472342184006, 22.930885346610836,
40.64452811795706, 22.931268517650587,
40.64343897613162, 22.930760561112606,
40.64377374298739, 22.93017685835468,
40.64268655665824, 22.92614574547661,
40.64290134331715, 22.926276541746777,
40.64312887659074, 22.922752071961522,
40.6433569933009, 22.923117130208116,
40.643466607546664, 22.923347487818265,
40.6599262264185, 22.90188953312756,
40.66010837773432, 22.90122579086102,
40.65826743234451, 22.898869104553835,
40.658223020358896, 22.8991682109083,
40.65850667990956, 22.897993175178712,
40.656536737289755, 22.898843173032258,
40.661402383743095, 22.909279978615366,
40.66131459272824, 22.909444957780618,
40.663237107884555, 22.91351019410806,
40.663354605731904, 22.913691243218878,
40.66493312363949, 22.91625748820489,
40.66545941575294, 22.916413120397976,
40.6716793907792, 22.916714837246175,
40.671879277687225, 22.916867107521412,
40.67213987008971, 22.9169139599138,
40.672330871828855, 22.917027186528717,
40.672397500223084, 22.91691786427943,
40.672829842797, 22.916976429770152,
40.67321036117342, 22.91656256697737,
40.67351388593968, 22.91695300358055,
40.66370420220776, 22.90446919611823,
40.66400066127117, 22.904298398276588,
40.63792865965187, 22.93398941619432,
40.63816569723571, 22.9338123252469,
40.63816009793243, 22.934111166220667,
40.6385273523009, 22.933916157379493,
40.638877214767824, 22.933998981488703,
40.638672419419194, 22.932512032416284,
40.63649651157461, 22.943885659738804,
40.63699699317575, 22.944315783509513,
40.637209152725376, 22.944609701412613,
40.63747752451511, 22.944435262326557,
40.637361471981684, 22.945013539844723,
40.63683741974617, 22.945154524851866,
40.636978859854665, 22.94566589422743,
40.63139673486461, 22.957209782205545,
40.63162289874238, 22.958542062987643,
40.63144662402112, 22.95958071609737,
40.630227792317214, 22.958689192852095,
40.63038393074707, 22.959081526200453,
40.630801385000396, 22.959642740724668,
40.63004886116241, 22.959762664475644,
40.63193504799056, 22.961459381303253,
40.632470865095364, 22.961568389810246,
40.63273985872267, 22.960139842390614,
40.633114817731894, 22.96030811740616,
40.63306047598284, 22.95940587693199,
40.6336304716803, 22.958973041294335,
40.63371056251545, 22.958189982858425,
40.63406750939437, 22.95749422045161,
40.6245493418799, 22.955974861840016,
40.62418299922745, 22.956522938591128,
40.623629544701025, 22.95643762894866,
40.62283587660968, 22.95702802066546,
40.62376587384836, 22.950740729059003,
40.62400184857979, 22.9513490159209,
40.62327596711283, 22.95172412614718,
40.625430056082855, 22.95064709978286,
40.625996793729904, 22.94987144599509,
40.62606697912316, 22.950534551200146,
40.62637658218653, 22.948193652675716,
40.626710821123325, 22.94782881482857,
40.62686745135147, 22.94797438144603,
40.63150219563292, 22.953344422235503,
40.631616437714904, 22.953580760441255,
40.632002574505215, 22.953793013224765,
40.63192489035997, 22.953208941735394,
40.63194369471105, 22.953947126840006,
40.6320762146318, 22.953804119645444,
40.63215161378586, 22.95381315167863,
40.632300353501684, 22.9540085118903,
40.63305425534514, 22.954690674169544,
40.632651983021205, 22.95506614344949,
40.63315691821293, 22.955574131319302,
40.633018637585735, 22.95631954830218,
40.63163458445704, 22.958484769494195,
40.63215628886654, 22.95800438966079,
40.631431349105924, 22.957220321426945,
40.63090125810132, 22.95783321983052,
40.63047802036397, 22.958355011705656,
40.65269316872472, 22.931992919088387,
40.652988165746315, 22.931471716086143,
40.65264295633583, 22.932675446829425,
40.652969336188164, 22.93343656867398,
40.65273082799158, 22.93326697087166,
40.65310428123752, 22.931393121982627,
40.65349970004317, 22.931393121982627,
40.65304151613223, 22.932749904401177,
40.653022686589146, 22.93300636937054,
40.652985027487006, 22.933345564975173,
40.65339927644152, 22.93274576786941,
40.65365033516227, 22.93278299665529,
40.65372251436963, 22.93278299665529,
40.65369740856724, 22.933101509601105,
40.65365347339028, 22.933626849135116,
40.6530258248467, 22.93355652809513,
40.65902672820393, 22.947869764888058,
40.658410899427906, 22.94909950937859,
40.65887124721775, 22.94927231661092,
40.658962706665264, 22.949806813399288,
40.6585724788153, 22.949955507994552,
40.65837431536131, 22.949638024939805,
40.65820358945201, 22.949750550579463,
40.65803896048283, 22.95017654050102,
40.65766939347393, 22.95108914228597,
40.65763280900072, 22.951274005836833,
40.657495617047466, 22.95154728239029,
40.66373457925862, 22.928769116239632,
40.66352877391411, 22.929127390911816,
40.664106610385225, 22.92980915630742,
40.66410133336248, 22.92924913473246,
40.66438365349317, 22.929499579163494,
40.664325606461084, 22.92987176741518,
40.664784704334494, 22.9298404618613,
40.664626395079964, 22.930299609984864,
40.66481900462347, 22.930435267385015,
40.664246451335934, 22.929777850753542,
40.66580821482093, 22.940063844105662,
40.66583240945376, 22.941084548777287,
40.6656969193968, 22.94170335098446,
40.665600140616135, 22.942628364593123,
40.66632113915784, 22.93881986028712,
40.667046968742696, 22.938928310158477,
40.66662598854566, 22.940574196441474,
40.662317991646304, 22.933288301266167,
40.66243645986526, 22.933709972808124,
40.66218767636247, 22.933897382382334,
40.661913752780904, 22.930396651158272,
40.661992543926125, 22.930867822174523,
40.66016371194045, 22.919787995044874,
40.65988778444845, 22.92029950120417,
40.65629595788574, 22.917376936529806,
40.65727545828898, 22.916136419334528,
40.65745599208783, 22.916166799347472,
40.65742526296509, 22.91582755586958,
40.65763652539815, 22.91669844957402,
40.65799374944473, 22.917544026601004,
40.65830871959787, 22.91657186618675,
40.65833176613604, 22.9183288436021,
40.6590884563998, 22.918298463586442,
40.659541698224864, 22.918100993502296,
40.661345681552305, 22.91319818459395,
40.660837529195135, 22.913261408822514,
40.59836336058061, 22.95803287646895,
40.598706813564455, 22.958226005317922,
40.59564972571657, 22.951848857460718,
40.59583796999424, 22.952976855915196,
40.585101494239176, 22.939512622292824,
40.582520317662414, 22.93807120034693,
40.584093233994196, 22.941280260784367,
40.581546588976444, 22.938966399332887,
40.58106836202505, 22.942129941182557,
40.582203425240415, 22.940620241355017,
40.58147151222216, 22.945186094866276,
40.58716658409626, 22.946235861167384,
40.58655113462774, 22.94687950644064,
40.592774296919536, 22.95643827969765,
40.59328997917859, 22.95611682027091,
40.59293756978918, 22.955065158305292,
40.593412365695265, 22.95895601151887,
40.59136532598477, 22.95481136611204,
40.59573526415901, 22.952914505799466,
40.59573526415901, 22.951580273545705,
40.60342370534288, 22.952367898130568,
40.60360724832861, 22.952004405933653,
40.60461000845506, 22.951597644669125,
40.60464349717467, 22.952225623850676,
40.6042281719591, 22.950822781741167,
40.60461191804088, 22.95087074386952,
40.60612724175271, 22.951232222945876,
40.606358359075124, 22.95126939658931,
40.60660930734491, 22.95134876734764,
40.60680457343465, 22.95137388468051,
40.60717820960945, 22.951426298843753,
40.60722321200741, 22.951640298466803,
40.6074169508039, 22.951450411498822,
40.607731965831945, 22.95158403568013,
40.60727326425651, 22.950638819814674,
40.607444120414364, 22.950829711497203,
40.60763355867122, 22.950650386983185,
40.60794018249828, 22.950937729230013,
40.60829638303514, 22.951077381584863,
40.60873190616414, 22.950923663542227,
40.61093406882285, 22.951464644189713,
40.61146202814969, 22.95112594297995,
40.61143917285397, 22.95164528483492,
40.611993411581366, 22.951535395115684,
40.612508792337174, 22.95160464070954,
40.61300931352545, 22.951681412992443,
40.61386081877138, 22.951754118771717,
40.61562447101561, 22.953082233571635,
40.615563908237824, 22.95354286721691,
40.61612154080198, 22.95305212680306,
40.61638550049926, 22.95307169621145,
40.616843713773086, 22.953178575276453,
40.61741390494884, 22.953323087799678,
40.6221531530744, 22.954276266781395,
40.62245909596939, 22.955029966122215,
40.6220881924145, 22.95556556201805,
40.62281532909192, 22.955524149963978,
40.62256627842959, 22.957018423564325,
40.62286777732785, 22.95706761548013,
40.62323741498409, 22.95680320887297,
40.62429620374703, 22.95618977648179,
40.63159415114274, 22.958535802247017,
40.6319591998168, 22.95739655176156,
40.63103696773993, 22.9555332443009,
40.63241971987646, 22.951973744634234,
40.63270870037197, 22.952277806647764,
40.63357563437158, 22.952721112080873,
40.63381824448163, 22.952971181814497,
40.64002959068562, 22.943804527936333,
40.6429558187822, 22.94151468389839,
40.643585583891465, 22.941311509718137,
40.64407901897052, 22.940719911562276,
40.64433829936765, 22.940304438056902,
40.6446093319033, 22.938794839423682,
40.644630303563666, 22.93839314931679,
40.64450587161281, 22.937938023318193,
40.643406268104165, 22.936594485001695,
40.64373203302338, 22.93664976345677,
40.64377251326587, 22.93553020199527,
40.64413742379134, 22.93559837875653,
40.64480572219955, 22.935607591815835,
40.64498059774527, 22.934584887483418,
40.64493209903072, 22.93383924745978,
40.645375524630865, 22.934207154751515,
40.64566196369897, 22.931991126528242,
40.645098469157126, 22.931596331654912,
40.657656993332786, 22.91603616102016,
40.65803355697716, 22.917417762390805,
40.65972806703984, 22.918013422934454,
40.659560740725794, 22.901127024382664,
40.66000632807736, 22.90135453359208,
40.662010490772204, 22.898996965467635,
40.66230858436803, 22.898827367693343,
40.66494050107223, 22.90179536378952,
40.66557037428989, 22.902053593899556,
40.66391118324098, 22.904195385016784,
40.665721213612024, 22.90211668373778,
40.66822876059226, 22.903756895312398,
40.66807671453984, 22.904466488863793,
40.670562309166655, 22.888685106171128,
40.67123028692939, 22.889184811570242,
40.671728648443576, 22.889220702000287,
40.67393716000247, 22.8953054344576,
40.67437114860704, 22.894315242112025,
40.6764316642919, 22.892687787611727,
40.638228046949145, 22.933474955173267,
40.639100159249935, 22.93442015937212,
40.639646242480595, 22.933464214202306,
40.64045915930014, 22.935917014254716,
40.640679218740615, 22.935444412155295,
40.64032940759062, 22.94975248493351,
40.641718580590656, 22.950120811787237,
40.641982145313605, 22.950201948624986,
40.64357726929717, 22.948751303702245,
40.64404305569426, 22.949762025007647,
40.64364435493881, 22.949937846294187,
40.6447018967836, 22.943792013200163,
40.64511293956063, 22.944422187610883,
40.64543030759654, 22.944759386219932,
40.64542611331649, 22.945454052234457,
40.646149202655614, 22.944473382904917,
40.646331949792085, 22.944006727862643,
40.64671457499561, 22.9446690769472,
40.63156116458895, 22.953413949057754,
40.634882594587125, 22.95649976439828,
40.635645689336066, 22.956927280583102,
40.6351110669836, 22.958143594235704,
40.636404206029354, 22.957812419811937,
40.63840899709919, 22.946470416232714,
40.639131283544124, 22.947958629004905,
40.6389804986491, 22.948171658091937,
40.64305930025484, 22.94668767528838,
40.64536230805512, 22.950174406009133,
40.64440432808821, 22.950526328883736,
40.64189301042255, 22.952957758355986,
