lat,lon
40.61741630766315, 22.9546591067405
40.61414426456489, 22.957790624782678
40.614488312875466, 22.958916558547667
40.613270358002545, 22.958399703009675
40.61121349276072, 22.95739360766739
40.61031058702378, 22.957447674390558
40.61044830347798, 22.95360534003406
40.60978522217486, 22.953411929418944
40.607529130423984, 22.951244444862827
40.608413517648074, 22.95139421216096
40.609022026612024, 22.95149445757015
40.610976815963454, 22.95185133957708
40.61285831599953, 22.954047465034893
40.613839440867025, 22.9540241665234
40.61349599138164, 22.957581170356818
40.614140040473394, 22.957792815941662
40.61502149370631, 22.95809671720757
40.615818708212984, 22.958326960900656
40.60765741218695, 22.963315339610613
40.60766741087892, 22.96370657540454
40.60629567634714, 22.963848077886187
40.6021785786658, 22.96420193471072
40.6016483428816, 22.962333539121342
40.600595772833955, 22.958479484623208
40.59556417156854, 22.960502951873977
40.59358060721901, 22.959328632146544
40.5919357906394, 22.957608772540926
40.59123766998863, 22.95820768471493
40.58997865098602, 22.95938078148872
40.58784061177244, 22.96135206671666
40.58658382272784, 22.96241792077016
40.58557555575934, 22.96315594471081
40.584050490561864, 22.96273350904028
40.582950902211564, 22.96251696281127
40.58179920149392, 22.960816155654836
40.590597768890404, 22.97181550106732
40.589779209562685, 22.96774449247318
40.576360224050084, 22.969932531830583
40.575711504799884, 22.96835889827576
40.574916940725196, 22.964925244546873
40.5763605645807, 22.961913324725444
40.575976392962126, 22.9635782294497
40.573611338331524, 22.959099168352363
40.56876602198784, 22.966939417184573
40.56206705791152, 22.969104355103607
40.562858788545455, 22.96958448426486
40.565310866596704, 22.971020113825407
40.56629636382949, 22.975062725101722
40.567784728000504, 22.97460040969787
40.56963560047629, 22.973451246842355
40.5708429482525, 22.972719187690522
40.572369250520964, 22.971983205445063
40.57434770453554, 22.970981619702897
40.57632342356409, 22.969915241808945
40.57581183999034, 22.968715958369636
40.574909690745194, 22.964957462148917
40.575190963952345, 22.966032274059508
40.574043844109724, 22.962668049506526
40.57555471622824, 22.96782628928208
40.57717829389547, 22.97118620550319
40.578614326923706, 22.972793907351345
40.57954956117217, 22.974070434660877
40.58098224985431, 22.97639669225281
40.58184885477697, 22.97751064297044
40.58298296984448, 22.97908221668682
40.583991310039984, 22.980494224489615
40.58519169521685, 22.98201160600873
40.58645268224907, 22.98379451060717
40.5879113795388, 22.985841771387427
40.589537739584834, 22.98812516589729
40.5924772757525, 22.992141538225116
40.594618165444146, 22.994422269611924
40.597038575087474, 22.99623805269141
40.59905922671606, 22.99721044826052
40.59849945413365, 22.996990028119455
40.60042896462558, 22.99772530577736
40.603096486637256, 22.998633769707794
40.60458600796928, 22.998948905572867
40.60673775721441, 22.999386086160182
40.60908409105855, 22.999903065920257
40.610539158343414, 22.999918848611696
40.6121722906121, 22.999010152391996
40.61360430515691, 22.995688977607806
40.61387887367685, 22.990737449299132
40.61472230801114, 22.987001614728683
40.61664735282552, 22.984338904200197
40.65779594144452, 22.840515232733733
40.66288437357731, 22.837841751063266
40.67053912906058, 22.833783357717806
40.67644858384742, 22.83236231791193
40.68182783301637, 22.832651342957877
40.688486930851035, 22.835071571409788
40.69259601066059, 22.842754820531407
40.693974778455264, 22.84606656583939
40.69522568873928, 22.845115191730898
40.69276949961516, 22.84694568368647
40.695024814218215, 22.8484751078862
40.698348296587206, 22.841683019314193
40.6894913960451, 22.849101328817294
40.697015271402165, 22.85808519064559
40.69685092395666, 22.867285821249066
40.705855790831215, 22.80304495368743
40.70470182067216, 22.811380633283246
40.70299756700695, 22.816558046484044
40.701286813969396, 22.822484822120277
40.70011185623638, 22.829884776183615
40.70008603274246, 22.836680131009754
40.69811050689273, 22.842138555123785
40.69695656086714, 22.859785910846295
40.69680161249352, 22.867330628106384
40.68720128320287, 22.85316976696139
40.68588332542371, 22.855680314547374
40.685293490193246, 22.856847075444502
40.68457551129914, 22.858223048640788
40.68381074339977, 22.859674123688134
40.65346156293473, 22.89958150930661
40.6557843315552, 22.901837506739657
40.65780610891157, 22.905035569185475
40.65983722813025, 22.90828321384184
40.66041082010827, 22.91244813249287
40.661116049312746, 22.919587992694847
40.661548586205264, 22.92485611872281
40.662780360690974, 22.92810376348338
40.665413084850655, 22.929851541787574
40.66390868377287, 22.932467011459078
40.66284618008438, 22.93458665739892
40.656846947841544, 22.934574261921224
40.65460885148288, 22.934760195767204
40.65192867939534, 22.93526841495089
40.64838316359324, 22.935429557620736
40.64576411943722, 22.935259124892788
40.6407603813672, 22.935060795436264
40.66112104866513, 22.93559022652379
40.664092332251364, 22.936259588399533
40.666029236991996, 22.93691655468498
40.66891568492741, 22.937945388728558
40.67045757980381, 22.93844121234022
40.67309940221007, 22.93886266243186
40.67423695191073, 22.9388998492867
40.677414467067955, 22.93891224487699
40.67718884974591, 22.93722644459735
40.67716064751934, 22.935416688414794
40.67716064751934, 22.933470580739034
40.67813831774517, 22.94109386876829
40.67917237641994, 22.943077163214927
40.68015137574383, 22.94595463266354
40.67997276937822, 22.94932623322282
40.679888166195866, 22.95083849523838
40.679530951575586, 22.9529953279491
40.67929594091306, 22.954966226805443
40.68123766834224, 22.93973800707969
40.68364604695705, 22.94075948910169
40.68685708313161, 22.942208136379506
40.68792739412529, 22.94293245999511
40.69108189502543, 22.94441825214401
40.69296889113157, 22.94592261661044
40.695207869441305, 22.939608000348656
40.698010006650165, 22.94889420054866
40.69491215964471, 22.952330094622663
40.7008401865017, 22.950361420208363
40.694965494961025, 22.953533915174187
40.694438034892876, 22.96196554422111
40.692665738476904, 22.964720432919602
40.6903659026129, 22.964247371223905
40.68789718301784, 22.959989815702052
40.68327600058623, 22.95720709988823
40.67810580494803, 22.958765420749348
40.672491995564215, 22.961047247735493
40.66470363546217, 22.965110012886814
40.662529486227925, 22.96764228479015
40.660270829121664, 22.968254482278702
40.65507326518503, 22.966497787782323
40.651969883803005, 22.96641430630661
40.647451777931984, 22.967944800043522
40.64113858507002, 22.969809219703237
40.63552166406311, 22.972118874002078
40.62933405760644, 22.976014676201977
40.626315455212335, 22.97897393669978
40.62561189655436, 22.97634342748316
40.625899793612064, 22.97368817591336
40.626107078725184, 22.971412245996387
40.625853730151775, 22.96939425472113
40.62384993950837, 22.96796800530649
40.62235251080095, 22.967204455231258
40.62078625263896, 22.966248564666127
40.61895506601496, 22.963972634749155
40.61862107051825, 22.96353262132903
40.64459327690528, 22.90963500154063
40.64257705025142, 22.912989967064583
40.64140209869502, 22.91698533922537
40.64026339135358, 22.92150641819485
40.63999503074217, 22.92543488220294
40.64264232469151, 22.923045305618924
40.64116275416555, 22.92738477669549
40.640263391330016, 22.929850819846042
40.639581608217284, 22.930950025074683
40.646889837527326, 22.922851205617825
40.64538135148882, 22.92562311445528
40.64465610564628, 22.92692304416842
40.64301702107117, 22.93009640194146
40.64200889152382, 22.932132321249956
40.640275453346455, 22.935754919428017
40.63963718859125, 22.936959266104402
40.64042051262175, 22.938890043984284
40.64051480100561, 22.941967818624487
40.640398753744606, 22.943726547084854
40.63984027348139, 22.94480663570083
40.637040548721245, 22.94203472686909
40.63471944438578, 22.939482659077367
40.63871604573775, 22.94716753741749
40.63589451351711, 22.94409932108362
40.63337751910664, 22.94194870215801
40.6376933447348, 22.94922257331909
40.634559865456765, 22.94675653028439
40.63192675874419, 22.944347837087708
40.63632971902767, 22.952042273731315
40.63605408917551, 22.949891654805707
40.63405211189119, 22.950512944717552
40.63321068323168, 22.949318156425544
40.63209359776604, 22.95026442875281
40.63151328625211, 22.94795131861949
40.631172350885784, 22.9463359648487
40.631027271451366, 22.945714674906306
40.630120518014586, 22.947024162874346
40.63510388278582, 22.954575224958518
40.631418985136584, 22.95267312199764
40.62851734778837, 22.949853421643887
40.62935883555252, 22.953332645158774
40.62763232324862, 22.95309368748499
40.626464363163066, 22.952921637970945
40.626319273507974, 22.951745966286325
40.62638456388303, 22.949184340188264
40.624607192003054, 22.952864288127643
40.623910739471235, 22.95296942951997
40.62446209829273, 22.954250242569
40.625042471082494, 22.95572222174475
40.625587948900375, 22.957555484236977
40.62316487886749, 22.95629378780062
40.62303429175857, 22.95477401709319
40.622076645116245, 22.956771703130617
40.622258018632266, 22.958109866017665
40.6227368423482, 22.959677428256775
40.62312134981701, 22.96102514945016
40.62350585508947, 22.962086121536984
40.61842260809189, 22.958441445927065
40.61774067581468, 22.9587394878572
40.61752090469545, 22.959586778425344
40.616784019784475, 22.959178035236693
40.6166159571753, 22.960672502520207
40.61588229427079, 22.95957400522156
40.614867434540635, 22.960046614533436
40.616095606775716, 22.960297821284797
40.61650606983118, 22.960804492529064
40.61687451483552, 22.96136651441346
40.617469193726194, 22.962162712102216
40.6179313589815, 22.96266086786338
40.61863268058899, 22.963537962655654
40.61860036178362, 22.963836004564044
40.619156243079125, 22.964244747795306
40.61825454960915, 22.965181450935965
40.62013871959958, 22.965522070259844
40.61797983771026, 22.966369360827983
40.62098569882615, 22.966443863477597
40.61964450250676, 22.967704154975937
40.62141552231017, 22.967542360797093
40.61828388785433, 22.96775099013552
40.61773769509132, 22.96769989723694
40.617356327061266, 22.968202310756304
40.61829358351132, 22.96946260228882
40.617563170986365, 22.9695307261536
40.617023436246434, 22.9700842325549
40.616874766031145, 22.970488718002002
40.616674383905846, 22.971404132482203
40.63623195396616, 22.851397162311926
40.63746419582636, 22.852314436014375
40.63799094876606, 22.851099668138158
40.63816026132828, 22.852227666880356
40.63922315815939, 22.8520665242029
40.64010732492985, 22.85313254499223
40.64036128556068, 22.855177817436882
40.64057762163225, 22.85703715602292
40.63761546234701, 22.85422789969341
40.637590350484864, 22.85638716946808
40.637659408083636, 22.85728893350737
40.639655769583676, 22.856958010936538
40.63974365834059, 22.85779359042788
40.640553485032825, 22.856809095775848
40.64035259871266, 22.855096571471805
40.64103686526989, 22.853326135671228
40.64197222748625, 22.855791508855138
40.6404198294153, 22.85989945619162
40.64152823149182, 22.86221298512068
40.642781939025284, 22.86385449700976
40.642448162046975, 22.860496371380467
40.64526486171685, 22.858060925636543
40.646933659543556, 22.855754225894536
40.648407051221845, 22.858264773491427
40.64309129184515, 22.86171945871764
40.64469501881169, 22.866021721904048
40.645842840381846, 22.867234080450775
40.64778298899737, 22.878910880426222
40.650440355683315, 22.880858880789717
40.65061950019176, 22.883062679180746
40.6511420022852, 22.88971342800004
40.65194814030921, 22.89272397401636
40.64860409676641, 22.890638236253416
40.648350300905825, 22.891897549619724
40.64660356199159, 22.89520324729533
40.645961586645015, 22.89573452012174
40.64384153111488, 22.89953213711331
40.64627511020774, 22.898705712716673
40.64821593793899, 22.898705712731136
40.65204064121111, 22.893034929212746
40.65199585608292, 22.898485394876275
40.653895649382726, 22.897561209243026
40.65538842828583, 22.890202096758696
40.65573176277195, 22.901850745352984
40.65804549220658, 22.883787469142153
40.65529886260075, 22.87916342783526
40.65316417563497, 22.881918175824044
40.655582487197265, 22.883787469102153
40.65828432421582, 22.881800115195954
40.65185048809978, 22.88180011513748
40.65489644667327, 22.88137765554821
40.65629426634707, 22.882268816181416
40.656084138462546, 22.88072734914019
40.65444877276092, 22.88379824041967
40.64395417055692, 22.938067523003117
40.643893114987115, 22.93928524592539
40.642794105179924, 22.93975195030529
40.641092639489024, 22.93698391053484
40.64211026772264, 22.938582507146453
40.641703218290886, 22.939392534288583
40.64264756917171, 22.939151135471395
40.64192709578554, 22.93770810698641
40.64296506345309, 22.94114133464295
40.64307496496666, 22.942112294329874
40.64338838682064, 22.941436377649605
40.642171324911345, 22.942804304303532
40.642484750995536, 22.9440488493166
40.64406407046288, 22.94290622824939
40.64464612982186, 22.940293756583404
40.64574103889057, 22.938056794174685
40.639111179421334, 22.942354037215313
40.63878959609687, 22.94343228527834
40.637393336745845, 22.943394734351223
40.63675767107421, 22.94007982531658
40.63606563007626, 22.938250558724093
40.63534915654415, 22.9401978425161
40.63190661847954, 22.94268112349829
40.63105575230537, 22.9435340659857
40.63165420954941, 22.943153192296354
40.63122674063669, 22.942809869534123
40.630007745930875, 22.944641299364687
40.63021130661325, 22.945655174396887
40.62939298888158, 22.946255989243983
40.63234458526827, 22.94788140799067
40.63227944799842, 22.949227876948783
40.63279647332824, 22.949678488074206
40.632983741357656, 22.949270792294055
40.63396892541651, 22.94969994575207
40.63474647775214, 22.94888991860994
40.63490117294834, 22.950241751986205
40.668501009564835, 22.90118869079837
40.6687887397069, 22.899912163294456
40.669409867209424, 22.901562014879712
40.66973413003126, 22.90071902501042
40.66933679371303, 22.899075194781318
40.67006752534514, 22.90005667583386
40.66964278855833, 22.897750496286985
40.67040091899198, 22.897798667136193
40.67085305291863, 22.897003848124317
40.671328018610495, 22.89766619725819
40.670853886638554, 22.89645983515986
40.67124591628501, 22.895843783424596
40.6717618659235, 22.8960675534206
40.67221671296537, 22.896223297344463
40.671298339606935, 22.89421416236291
40.67000520465878, 22.890828486653174
40.668848490734845, 22.890832644889826
40.66852908513393, 22.890108448375624
40.66795537186882, 22.890741449773223
40.66864514215085, 22.904015813418695
40.66745479031985, 22.904028946089856
40.668737281469355, 22.90514850630607
40.66988527691628, 22.904672446971226
40.67040821840248, 22.904344130216437
40.670082003011615, 22.905683662674544
40.67115376846325, 22.905048878345834
40.671614439488394, 22.906131113478867
40.67061771090024, 22.906274675282223
40.67172332490204, 22.90747838578733
40.67248551781893, 22.90684892249567
40.67142179562869, 22.90786489833484
40.66956233497939, 22.908604793782928
40.66257025391002, 22.913835748083947
40.66383115309409, 22.915534127136887
40.663331209735986, 22.91655087684564
40.66284345650108, 22.915751140991123
40.648399252955464, 22.930661391917656
40.64937102613869, 22.93073785837383
40.64837024458321, 22.933662700322518
40.645679663236415, 22.93134959002323
40.646361384134295, 22.92909382956607
40.6480413354127, 22.928761205881695
40.64952075361121, 22.92697380246861
40.64873753629748, 22.926228254520908
40.64815736939787, 22.92768111718823
40.64910598380041, 22.92905378522497
40.6488895462924, 22.931604172660045
40.64925781268587, 22.932374823998074
40.648879855045955, 22.933290238496678
40.6495614694099, 22.933664919779822
40.64833391245082, 22.934001281488925
40.650527026170074, 22.938270083534157
40.65151550184497, 22.938023134506626
40.65178038499564, 22.939287683837254
40.65081129518442, 22.940381923493717
40.651450896046626, 22.941586864540547
40.65173796428923, 22.942284122099057
40.65290731466694, 22.941253748570404
40.65361472941518, 22.940236148260105
40.653789159291065, 22.94148792436517
40.6537374764239, 22.942752473820942
40.64825041026203, 22.94204921408886
40.6482178493905, 22.94329107700026
40.64910919751329, 22.943140873278796
40.64885685359558, 22.944235214778107
40.64899727089603, 22.94472069466356
40.650256943332074, 22.9448253008232
40.649304559911705, 22.945509264267933
40.64797049066975, 22.945642741520086
40.647217513293036, 22.94575539431119
40.64936786443065, 22.948944687837628
40.650014997620126, 22.948123931788196
40.65093481137143, 22.949585735883208
40.65057055036878, 22.950460136184255
40.650438276328366, 22.951106548628417
40.65003738263509, 22.950564742347424
40.651535184031225, 22.95056234802928
40.65198897718603, 22.950184156516304
40.65162065203247, 22.951541354464094
40.64615409309641, 22.94871819801423
40.646782231839936, 22.949710835055225
40.64579428281694, 22.950655246742727
40.64688590465496, 22.951426851185282
40.6480689830419, 22.95069543446841
40.64868490731131, 22.94943755845706
40.645987273349164, 22.932375548264677
40.64809042253406, 22.931171201744423
40.64933777625532, 22.931247668190156
40.65190493088909, 22.931152085132993
40.65293466578721, 22.93080798607347
40.65454450108702, 22.92935512360459
40.65574822646926, 22.927902261122284
40.657836565894144, 22.925856783699
40.65946931141351, 22.923566227300938
40.6610644876118, 22.919762021625854
40.661441523684886, 22.922954495735095
40.66199257257348, 22.926873401078776
40.66350068317067, 22.92842184677778
40.66444323493073, 22.928918878675027
40.6607599569577, 22.916053398156606
40.65242811799382, 22.939442403253388
40.65206434975121, 22.940995490823397
40.65145542890688, 22.9433616041012
40.65121027738764, 22.945227393866507
40.64726655120902, 22.94080739307468
40.64722778526869, 22.94305548046651
40.64722778526869, 22.943992183546435
40.64722778526869, 22.94555903233468
40.64720194129935, 22.946631983338023
40.64720840229222, 22.948292502890528
40.64429594394291, 22.96324437317624
40.64799463513334, 22.960415114684217
40.65044581164572, 22.958331404038063
40.652418290676884, 22.955559495380335
40.652853388559436, 22.95469924755857
40.654448722955294, 22.952022921958008
40.64266169349807, 22.943574026621768
40.641333624027396, 22.948499951228847
40.64018352193776, 22.950755411022907
40.637540950401835, 22.95355218116755
40.63592523337372, 22.940867475285735
40.63381652684445, 22.946352753406618
40.63116000962194, 22.943610114297037
40.63326424451636, 22.938196136858107
40.632853591316696, 22.938939079150764
40.632499356500055, 22.93956437063369
40.631915555587874, 22.94051498577193
40.63144939909037, 22.941354452168074
40.63087177708874, 22.942311664614852
40.63030794049583, 22.943154055875816
40.62982845363829, 22.94384142388117
40.62931566529907, 22.944590216113138
40.62846766899353, 22.945771904011718
40.62753530460833, 22.947234388995735
40.62677608401211, 22.94828152813263
40.6261189738043, 22.949246768325462
40.62426970673276, 22.951601369055616
40.622993171962435, 22.95220391293658
40.621174900339795, 22.952253637435106
40.61995381101764, 22.95275380730746
40.61863722973737, 22.953195477725533
40.61774469272158, 22.95308725386958
40.61384363612017, 22.952377590660717
40.60941274393073, 22.951584806460783
40.60440296310976, 22.950507775426594
