lat,lon
40.5625467,22.81761339
40.5819723,22.87868999
40.53994964,22.862239
40.6290721,22.88176388
40.62370131,22.87571013
40.6148675,22.84934191
40.54574595,22.93212643
40.53580207,22.89355797
40.56926995,22.89177509
40.62684263,22.89889584
40.51542584,22.81153868
40.54534049,22.92537183
40.5354423,22.81569445
40.56143643,22.76074141
40.55331313,22.7575007
40.53813305,22.93842618
40.63407832,22.882836
40.54692538,22.83810517
40.51539539,22.75746267
40.51061931,22.89100615
40.52651401,22.81134528
40.51996573,22.93113377
40.59928105,22.87994731
40.53077564,22.93177731
40.52183275,22.75485168
40.55110412,22.95997323
40.57401565,22.82129824
40.53082468,22.83829729
40.59668603,22.87881569
40.55418908,22.91862065
40.53122577,22.78229682
40.59829181,22.94001272
40.55454139,22.97479768
40.61401003,22.85675653
40.53177631,22.96010698
40.59866391,22.89042666
40.62425674,22.94381042
40.55657965,22.86685756
40.54280816,22.85560348
40.63181925,22.89076165
40.49640668,22.79610575
40.547825,22.76226352
40.60370165,22.90360758
40.56643191,22.91052466
40.51946007,22.89575504
40.51402721,22.79067725
40.56873129,22.84883593
40.5593312,22.78241615
40.53091441,22.90058137
40.53401338,22.86052262
40.55155316,22.84702857
40.55584712,22.78943638
40.62716124,22.92911951
40.51801981,22.82288284
40.51338464,22.78675382
40.61827074,22.89661693
40.54271375,22.8804801
40.5562454,22.90836622
40.55070614,22.9461425
40.55253094,22.80958984
40.54232628,22.84175598
40.55536706,22.81473456
40.51643572,22.81620128
40.59620612,22.93858995
40.50319761,22.77763494
40.50429357,22.81977145
40.60560176,22.91748096
40.5346269,22.91392873
40.50070251,22.77748683
40.52878186,22.93229415
40.4991886,22.80368997
40.53584573,22.83042098
40.57223379,22.83112037
40.62519765,22.84333012
40.51727352,22.84602947
40.56425411,22.76499602
40.59148837,22.94376466
40.5516377,22.89878998
40.58189684,22.85622141
40.50916228,22.80726938
40.53283093,22.95030335
40.61902417,22.93225647
40.57801338,22.9329469
40.51805783,22.80848924
40.5514654,22.86681796
40.58361776,22.91852565
40.49742154,22.79033486
40.63264505,22.91602446
40.51850663,22.81530541
40.57879384,22.90563457
40.55520708,22.86307045
40.54533616,22.75238755
40.52761445,22.90285955
40.56214113,22.93169621
40.51437081,22.83274966
40.54484883,22.76865638
40.56368129,22.81059229
40.61342623,22.93842671
40.63075881,22.8956907
40.58615125,22.84909076
40.56720622,22.82232741
40.57305005,22.8263963
40.55584436,22.89621938
40.50857938,22.90535087
40.53868138,22.83326369
40.52001134,22.7537416
40.63418976,22.8839027
40.53735222,22.9640973
40.62942242,22.88676988
40.62975135,22.86730437
40.62075715,22.84944695
40.56833216,22.87517025
40.57654876,22.88624568
40.54247866,22.85659152
40.52363602,22.89226719
40.55432667,22.83323637
40.52374843,22.89091583
40.53044213,22.84560602
40.62911645,22.93501263
40.57323759,22.83268182
40.53021962,22.91178907
40.61128096,22.87486255
40.55244206,22.84132057
40.63988551,22.88634088
40.53492917,22.87810649
40.55600478,22.79888452
40.49990445,22.76689034
40.53040359,22.85369979
40.53062586,22.75489613
40.57070817,22.87602682
40.61861915,22.84734974
40.54655054,22.7908233
40.55671491,22.96753454
40.55863519,22.86348616
40.61514979,22.92268999
40.53501517,22.8409579
40.51564777,22.8884458
40.59582888,22.90895802
40.50450403,22.75102129
40.54876713,22.82075294
40.52720037,22.87417056
40.51935099,22.92701195
40.50183336,22.87889592
40.60718791,22.90479645
40.624086,22.90792538
40.55185372,22.92277057
40.52349205,22.92378026
40.52982245,22.86691987
40.51781421,22.75200571
40.51363374,22.8618926
40.54280112,22.87734481
40.53829549,22.95432499
40.59010961,22.92930826
40.51508873,22.93798523
40.55540303,22.85172195
40.57183231,22.93237219
40.63942428,22.88848797
40.58235305,22.90586143
40.54137638,22.90114133
40.5862506,22.93544678
40.60843412,22.92043631
40.52794227,22.84930807
40.55867391,22.93383557
40.54350391,22.93824552
40.57405035,22.91987726
40.5983204,22.86749583
40.6000785,22.87766554
40.61228115,22.89974901
40.54282555,22.79643517
40.51847963,22.78996991
40.52088927,22.81641649
40.55076481,22.86388106
40.57469943,22.8367701
40.51899712,22.82359248
40.53472125,22.8030356
40.53895152,22.82806287
40.49776259,22.76397836
40.51506431,22.79746207
40.53988246,22.83880369
40.53879502,22.91398371
40.63789821,22.89079915
40.54457108,22.8229133
40.50159321,22.79510399
40.537627,22.81126015
40.50455459,22.78584622
40.58824348,22.8697499
40.54133665,22.96674631
40.54887637,22.9545099
40.55505604,22.76630695
40.54866184,22.9423075
40.54035811,22.80014863
40.52671727,22.77488119
40.54898066,22.9207491
40.62361912,22.86605439
40.56105839,22.79046722
40.56406948,22.81817618
40.62358012,22.91074373
40.60621771,22.88386348
40.51268101,22.89530811
40.53032869,22.79346537
40.57922282,22.88002694
40.51829155,22.80823155
40.54185523,22.7866494
40.5288634,22.79308655
40.55774058,22.80195849
40.56185254,22.82894128
40.63558952,22.89519974
40.50655639,22.76445542
40.55753318,22.82047199
40.54639336,22.92088339
40.60429141,22.86563091
40.55473578,22.94726952
40.52390019,22.88414777
40.58485136,22.86860059
40.57333376,22.84875281
40.60549919,22.86186297
40.54997075,22.75869739
40.59948702,22.87947296
40.55793073,22.81710552
40.54230579,22.88648761
40.51516888,22.80844973
40.5358185,22.94988104
40.50975053,22.79954532
40.5667757,22.8092478
40.6383323,22.89173955
40.62430005,22.86488308
40.53684656,22.93944639
40.52919931,22.87863389
40.50362971,22.79959399
40.57233121,22.94049429
40.52213878,22.91062961
40.52865734,22.90358562
40.51691816,22.75612802
40.61701774,22.94975464
40.51652436,22.92966523
40.6238604,22.93878262
40.50162635,22.76069103
40.5965302,22.89335376
40.61823843,22.93496201
40.5083507,22.85171836
40.56064689,22.76867767
40.51576366,22.81944513
40.55100039,22.79763167
40.54309908,22.88501455
40.56406157,22.77314543
40.62208825,22.91820012
40.58878634,22.85644458
40.51079289,22.79758063
40.53845178,22.92115845
40.52745186,22.83760802
40.62397503,22.92437303
40.58137536,22.86844162
40.59591975,22.90617924
40.52129856,22.74779476
40.56281027,22.78513749
40.5446622,22.82778372
40.54376657,22.89803935
40.63411035,22.92478594
40.53492857,22.79590129
40.62875598,22.9366347
40.60713231,22.94211401
40.55172551,22.85171474
40.5670255,22.84529186
40.58129944,22.86590368
40.53551026,22.96648836
40.57916434,22.85482454
40.57640294,22.8735037
40.55230072,22.82432328
40.54613275,22.80432715
40.52878062,22.91820256
40.55840336,22.85084133
40.5242104,22.80670746
40.5960735,22.88207198
40.49922773,22.79409332
40.52742916,22.84510852
40.51861597,22.90505754
40.49607259,22.80120756
40.59821368,22.89425276
40.50396197,22.76435844
40.56104781,22.86900572
40.52860453,22.74673222
40.57730758,22.85802877
40.53786558,22.81021137
40.54334887,22.78189657
40.62552287,22.89061691
40.62064077,22.87899797
40.62649275,22.92417678
40.60534175,22.93440608
40.54635165,22.83198468
40.53021751,22.95553528
40.54968075,22.80715845
40.54384547,22.84910322
40.55281825,22.85932136
40.55348015,22.83052047
40.62257117,22.84399185
40.55708097,22.84171071
40.55462603,22.95516021
40.58716616,22.91902935
40.56042718,22.930072
40.62713458,22.89108785
